// reinforcing rolled
// прокат арматурный
[Block: A240]
56
58
60
62
64
66
68
70
72
75
78
82
86
90
[Block: A400]
106
108
110
112
114
116
118
120
122
125
128
132
136
140
[Block: A500]
156
158
160
162
164
166
168
170
172
175
178
182
186
190
[Block: A500S]
206
208
210
212
214
216
218
220
222
225
228
232
236
240
[Block: A600]
256
258
260
262
264
266
268
270
272
275
278
282
286
290
[Block: equal-leg angle]
// hot-rolled steel equal-leg angles
// уголок равнополочный
301
302
303
304
305
306
307
308
309
310
311
312
313
314
315
316
317
318
319
320
321
322
323
324
325
326
327
328
329
330
331
332
333
334
335
336
337
338
339
340
341
342
343
344
345
346
347
348
349
350
351
352
353
354
355
356
357
358
359
360
361
362
363
364
365
366
367
368
369
370
371
372
373
374
375
376
377
378
379
380
381
382
383
384
385
386
387
388
389
[Block: unequal-leg angle]
// hot-rolled steel unequal-leg angles
// уголок неравнополочный
401
402
403
404
405
406
407
408
409
410
411
412
413
414
415
416
417
418
419
420
421
422
423
424
425
426
427
428
429
430
431
432
433
434
435
436
437
438
439
440
441
442
443
444
445
446
447
448
449
450
451
452
453
454
455
456
457
458
459
460
461
462
[Block: sheet]
// hot-rolled steel sheets
// пластина
500
501
502
503
504
505
506
507
508
509
510
511
512
513
514
515
516
517
518
519
520
521
522
523
524
525
526
527
528
529
530
531
532
533
534
535
536
537
538
539
540
541
542
543
544
545
546
547
548
549
550
551
552
553
554
555
556
557
558
559
560
561
562
563
564
565
566
567
568
569
570
571
572
573
574
575
576
577
578
579
580
581
582
583
584
585
586
587
588
589
590
591
592
593
594
595
596
597
598
599